[[3.06161, 0.68677, 3.74442, 0.0393],
[3.21001, 0.68377, 4.0, 0.03711],
[3.35928, 0.68294, 4.0, 0.03732],
[3.50903, 0.68319, 4.0, 0.03744],
[3.65879, 0.68342, 4.0, 0.03744],
[3.80856, 0.68352, 4.0, 0.03744],
[3.95832, 0.68357, 4.0, 0.03744],
[4.10808, 0.68362, 4.0, 0.03744],
[4.25783, 0.68367, 4.0, 0.03744],
[4.40759, 0.68373, 4.0, 0.03744],
[4.55735, 0.68378, 4.0, 0.03744],
[4.70711, 0.68384, 4.0, 0.03744],
[4.85687, 0.68389, 4.0, 0.03744],
[5.00663, 0.68395, 4.0, 0.03744],
[5.15639, 0.684, 4.0, 0.03744],
[5.30615, 0.68405, 3.22898, 0.04638],
[5.45591, 0.68412, 2.62295, 0.0571],
[5.6052, 0.68637, 2.27014, 0.06577],
[5.75336, 0.69298, 2.0277, 0.07314],
[5.89948, 0.70601, 1.85457, 0.0791],
[6.04243, 0.72725, 1.72178, 0.08394],
[6.18086, 0.75815, 1.61603, 0.08777],
[6.31322, 0.79969, 1.5308, 0.09063],
[6.4379, 0.85238, 1.46666, 0.09228],
[6.55319, 0.91623, 1.41392, 0.09321],
[6.65747, 0.99078, 1.37672, 0.09311],
[6.74935, 1.07509, 1.34399, 0.09278],
[6.82764, 1.16789, 1.31877, 0.09207],
[6.89156, 1.26768, 1.30247, 0.09098],
[6.94047, 1.37287, 1.3, 0.08924],
[6.97395, 1.48184, 1.3, 0.08769],
[6.99186, 1.59294, 1.3, 0.08656],
[6.99436, 1.70456, 1.30355, 0.08565],
[6.98174, 1.81521, 1.31429, 0.08474],
[6.95439, 1.9235, 1.33542, 0.08363],
[6.91288, 2.02816, 1.3653, 0.08247],
[6.85783, 2.12806, 1.40448, 0.08121],
[6.78999, 2.22221, 1.456, 0.0797],
[6.71017, 2.30979, 1.52408, 0.07775],
[6.61937, 2.39021, 1.61381, 0.07516],
[6.5187, 2.46318, 1.73008, 0.07187],
[6.40937, 2.52873, 1.88377, 0.06767],
[6.29267, 2.58724, 2.09798, 0.06222],
[6.16999, 2.6395, 2.39147, 0.05576],
[6.04267, 2.68656, 2.87798, 0.04716],
[5.91212, 2.72979, 3.86678, 0.03556],
[5.77978, 2.77083, 4.0, 0.03464],
[5.64544, 2.8119, 4.0, 0.03512],
[5.51145, 2.85376, 3.82962, 0.03665],
[5.3781, 2.89701, 3.44945, 0.04064],
[5.24564, 2.94221, 3.16583, 0.04421],
[5.11433, 2.98994, 2.93187, 0.04765],
[4.98444, 3.04075, 2.73886, 0.05092],
[4.85625, 3.0952, 2.73886, 0.05085],
[4.73004, 3.15388, 2.73886, 0.05082],
[4.60613, 3.2174, 3.07891, 0.04522],
[4.48407, 3.28473, 3.27297, 0.04259],
[4.36368, 3.35543, 3.50432, 0.03984],
[4.24478, 3.42909, 3.78966, 0.03691],
[4.12717, 3.50527, 4.0, 0.03503],
[4.01066, 3.58355, 4.0, 0.03509],
[3.89505, 3.66352, 4.0, 0.03514],
[3.78013, 3.74475, 4.0, 0.03518],
[3.66567, 3.82685, 3.39066, 0.04154],
[3.5516, 3.90725, 2.94402, 0.0474],
[3.43648, 3.98557, 2.64259, 0.05269],
[3.31978, 4.06075, 2.4331, 0.05706],
[3.20102, 4.13181, 2.27046, 0.06095],
[3.07977, 4.19777, 2.14382, 0.06439],
[2.95566, 4.25772, 2.04227, 0.06749],
[2.82843, 4.31071, 1.9623, 0.07024],
[2.69794, 4.35576, 1.90059, 0.07264],
[2.56428, 4.39187, 1.84138, 0.07519],
[2.42787, 4.41799, 1.79324, 0.07745],
[2.28961, 4.4332, 1.75064, 0.07946],
[2.15081, 4.43663, 1.71257, 0.08107],
[2.01321, 4.42775, 1.67644, 0.08225],
[1.87874, 4.40646, 1.64606, 0.08271],
[1.74917, 4.37305, 1.61588, 0.08281],
[1.62598, 4.32809, 1.58355, 0.08282],
[1.51021, 4.27228, 1.55218, 0.0828],
[1.40264, 4.20629, 1.51941, 0.08305],
[1.30393, 4.13066, 1.48404, 0.0838],
[1.21469, 4.04583, 1.48404, 0.08297],
[1.13567, 3.9521, 1.48404, 0.0826],
[1.06785, 3.84971, 1.55732, 0.07886],
[1.01074, 3.73994, 1.66848, 0.07416],
[0.96348, 3.62402, 1.73579, 0.07212],
[0.92587, 3.50262, 1.81147, 0.07016],
[0.89769, 3.37633, 1.89223, 0.06838],
[0.87876, 3.24567, 1.98315, 0.06657],
[0.86884, 3.11115, 2.08712, 0.06463],
[0.86762, 2.97328, 2.20764, 0.06245],
[0.87473, 2.83258, 2.34568, 0.06006],
[0.88965, 2.68954, 2.50627, 0.05738],
[0.91182, 2.54468, 2.70364, 0.0542],
[0.94049, 2.39854, 2.64716, 0.05626],
[0.97426, 2.2539, 2.46579, 0.06024],
[1.01276, 2.11285, 2.31619, 0.06313],
[1.0565, 1.97596, 2.18996, 0.06562],
[1.10591, 1.84381, 2.08102, 0.0678],
[1.16134, 1.71689, 1.98561, 0.06975],
[1.22306, 1.59567, 1.89765, 0.07168],
[1.29132, 1.48063, 1.81782, 0.07359],
[1.36632, 1.37224, 1.74344, 0.0756],
[1.44827, 1.27102, 1.67216, 0.07788],
[1.5374, 1.17759, 1.67216, 0.07722],
[1.63399, 1.09269, 1.67216, 0.0769],
[1.73834, 1.01727, 1.74997, 0.07357],
[1.84956, 0.95083, 1.83011, 0.07079],
[1.96696, 0.89297, 1.91824, 0.06823],
[2.08992, 0.84331, 2.01835, 0.0657],
[2.21789, 0.80149, 2.13402, 0.06309],
[2.35034, 0.76708, 2.26868, 0.06032],
[2.48675, 0.73963, 2.42981, 0.05727],
[2.62661, 0.71857, 2.63071, 0.05376],
[2.7694, 0.70326, 2.88942, 0.0497],
[2.91457, 0.69295, 3.23562, 0.04498]]